[array([[0., 0., 0., 0., 0., 0., 0., 0., 0., 1.],
        [0., 0., 1., 0., 0., 0., 1., 0., 0., 0.],
        [1., 0., 0., 0., 0., 0., 0., 0., 0., 0.],
        [0., 0., 0., 0., 0., 0., 0., 1., 0., 0.],
        [0., 0., 1., 0., 1., 0., 0., 0., 0., 0.]])
 array([[0., 0., 1., 0., 0., 0., 0., 0., 0., 0.],
        [0., 0., 0., 0., 0., 0., 0., 0., 0., 0.],
        [1., 0., 0., 0., 0., 0., 0., 0., 0., 0.],
        [0., 0., 0., 0., 1., 1., 1., 0., 0., 0.],
        [1., 0., 0., 0., 0., 0., 0., 0., 0., 0.],
        [0., 0., 0., 0., 0., 0., 0., 0., 0., 1.]])
 array([[1., 0., 0., 0., 1., 0., 1., 0., 0., 0.],
        [0., 0., 0., 0., 0., 0., 0., 0., 1., 1.],
        [0., 0., 0., 1., 0., 0., 0., 0., 0., 0.],
        [0., 0., 0., 0., 0., 0., 1., 0., 0., 0.],
        [0., 1., 0., 0., 0., 0., 0., 0., 0., 0.],
        [0., 0., 0., 0., 0., 1., 0., 0., 0., 0.],
        [0., 0., 0., 0., 0., 0., 0., 1., 0., 0.]])
 array([[1., 0., 0., 0., 0., 0., 1., 0., 0., 0.],
        [0., 1., 0., 0., 1., 0., 0., 0., 0., 0.],
        [0., 0., 0., 0., 0., 0., 0., 1., 0., 0.],
        [0., 0., 0., 0., 0., 0., 0., 0., 0., 0.],
        [0., 1., 0., 0., 0., 0., 0., 0., 0., 0.],
        [0., 0., 0., 0., 0., 0., 0., 0., 1., 1.],
        [0., 0., 0., 0., 0., 0., 0., 0., 0., 0.],
        [0., 0., 1., 0., 0., 0., 0., 0., 0., 0.]])
 array([[0., 0., 0., 0., 0., 0., 0., 0., 0., 0.],
        [0., 0., 0., 0., 0., 0., 0., 1., 0., 0.],
        [0., 0., 0., 0., 0., 0., 0., 0., 0., 0.],
        [0., 0., 1., 0., 0., 0., 0., 0., 0., 0.],
        [0., 0., 0., 0., 0., 0., 1., 0., 1., 1.],
        [0., 0., 0., 0., 0., 0., 0., 0., 0., 0.],
        [0., 0., 0., 0., 0., 0., 1., 0., 0., 0.],
        [0., 1., 0., 0., 1., 1., 0., 0., 0., 0.],
        [0., 0., 0., 0., 0., 0., 0., 0., 0., 0.]])
 array([[0., 0., 1., 0., 0., 0., 0., 0., 0., 0.],
        [0., 0., 0., 0., 1., 0., 0., 0., 0., 0.],
        [1., 0., 0., 0., 0., 0., 0., 0., 0., 0.],
        [0., 0., 0., 0., 0., 0., 1., 0., 0., 0.],
        [0., 0., 1., 0., 0., 0., 1., 0., 0., 1.],
        [0., 0., 0., 0., 1., 0., 0., 0., 0., 0.],
        [0., 0., 0., 0., 0., 0., 0., 0., 0., 0.],
        [0., 1., 0., 0., 0., 0., 0., 0., 0., 0.],
        [0., 0., 0., 0., 0., 0., 0., 0., 0., 0.],
        [0., 0., 0., 0., 1., 0., 0., 1., 1., 0.]])
 array([[0., 0., 0., 0., 0., 0., 0., 0., 0., 0.],
        [0., 0., 0., 0., 0., 0., 0., 0., 1., 1.],
        [0., 0., 1., 0., 0., 0., 0., 0., 0., 0.],
        [0., 1., 0., 0., 0., 0., 0., 1., 0., 0.],
        [0., 0., 0., 0., 0., 0., 1., 0., 0., 0.]])
 array([[0., 0., 0., 1., 0., 0., 0., 0., 0., 0.],
        [0., 0., 0., 0., 0., 1., 0., 1., 0., 0.],
        [0., 1., 0., 0., 0., 0., 0., 0., 0., 0.],
        [0., 0., 0., 0., 0., 0., 1., 0., 0., 1.],
        [0., 0., 0., 0., 0., 0., 1., 0., 1., 0.]])
 array([[0., 0., 0., 0., 0., 0., 1., 0., 0., 0.],
        [0., 1., 0., 0., 0., 0., 0., 0., 0., 0.],
        [0., 0., 1., 0., 0., 0., 0., 1., 0., 1.],
        [0., 0., 0., 0., 0., 1., 0., 0., 0., 1.],
        [0., 0., 0., 0., 1., 0., 0., 0., 0., 1.]])
 array([[0., 0., 0., 0., 0., 1., 0., 0., 0., 0.],
        [0., 0., 0., 0., 0., 0., 0., 0., 0., 0.],
        [0., 0., 1., 0., 0., 0., 0., 0., 1., 0.],
        [1., 1., 0., 0., 0., 0., 0., 0., 0., 0.],
        [0., 0., 0., 0., 0., 0., 1., 0., 0., 0.]])][array([[  0.        ,   0.        ,   0.        ,   0.        ,
           0.        ,   0.        ,   0.        ,   0.        ,
           0.        , 121.33269145],
        [  0.        ,   0.        ,  47.58836564,   0.        ,
           0.        ,   0.        ,  30.        ,   0.        ,
           0.        ,   0.        ],
        [ 30.        ,   0.        ,   0.        ,   0.        ,
           0.        ,   0.        ,   0.        ,   0.        ,
           0.        ,   0.        ],
        [  0.        ,   0.        ,   0.        ,   0.        ,
           0.        ,   0.        ,   0.        , 114.80631185,
           0.        ,   0.        ],
        [  0.        ,   0.        ,   0.        ,   0.        ,
          16.27263105,   0.        ,   0.        ,   0.        ,
           0.        ,   0.        ]])
 array([[ 0.        ,  0.        , 30.        ,  0.        ,  0.        ,
          0.        ,  0.        ,  0.        ,  0.        ,  0.        ],
        [ 0.        ,  0.        ,  0.        ,  0.        ,  0.        ,
          0.        ,  0.        ,  0.        ,  0.        ,  0.        ],
        [70.01364817,  0.        ,  0.        ,  0.        ,  0.        ,
          0.        ,  0.        ,  0.        ,  0.        ,  0.        ],
        [ 0.        ,  0.        ,  0.        ,  0.        , 71.93075283,
         45.92260805, 50.69325658,  0.        ,  0.        ,  0.        ],
        [61.43973437,  0.        ,  0.        ,  0.        ,  0.        ,
          0.        ,  0.        ,  0.        ,  0.        ,  0.        ],
        [ 0.        ,  0.        ,  0.        ,  0.        ,  0.        ,
          0.        ,  0.        ,  0.        ,  0.        , 30.        ]])
 array([[44.29540388,  0.        ,  0.        ,  0.        , 46.72351203,
          0.        , 21.94370667,  0.        ,  0.        ,  0.        ],
        [ 0.        ,  0.        ,  0.        ,  0.        ,  0.        ,
          0.        ,  0.        ,  0.        , 35.16754184, 51.86983558],
        [ 0.        ,  0.        ,  0.        , 20.        ,  0.        ,
          0.        ,  0.        ,  0.        ,  0.        ,  0.        ],
        [ 0.        ,  0.        ,  0.        ,  0.        ,  0.        ,
          0.        ,  0.        ,  0.        ,  0.        ,  0.        ],
        [ 0.        ,  0.        ,  0.        ,  0.        ,  0.        ,
          0.        ,  0.        ,  0.        ,  0.        ,  0.        ],
        [ 0.        ,  0.        ,  0.        ,  0.        ,  0.        ,
         20.        ,  0.        ,  0.        ,  0.        ,  0.        ],
        [ 0.        ,  0.        ,  0.        ,  0.        ,  0.        ,
          0.        ,  0.        , 20.        ,  0.        ,  0.        ]])
 array([[ 67.31196844,   0.        ,   0.        ,   0.        ,
           0.        ,   0.        ,   0.        ,   0.        ,
           0.        ,   0.        ],
        [  0.        , 174.85574931,   0.        ,   0.        ,
           0.        ,   0.        ,   0.        ,   0.        ,
           0.        ,   0.        ],
        [  0.        ,   0.        ,   0.        ,   0.        ,
           0.        ,   0.        ,   0.        ,  35.        ,
           0.        ,   0.        ],
        [  0.        ,   0.        ,   0.        ,   0.        ,
           0.        ,   0.        ,   0.        ,   0.        ,
           0.        ,   0.        ],
        [  0.        , 107.83228225,   0.        ,   0.        ,
           0.        ,   0.        ,   0.        ,   0.        ,
           0.        ,   0.        ],
        [  0.        ,   0.        ,   0.        ,   0.        ,
           0.        ,   0.        ,   0.        ,   0.        ,
           0.        ,  35.        ],
        [  0.        ,   0.        ,   0.        ,   0.        ,
           0.        ,   0.        ,   0.        ,   0.        ,
           0.        ,   0.        ],
        [  0.        ,   0.        ,   0.        ,   0.        ,
           0.        ,   0.        ,   0.        ,   0.        ,
           0.        ,   0.        ]])
 array([[  0.        ,   0.        ,   0.        ,   0.        ,
           0.        ,   0.        ,   0.        ,   0.        ,
           0.        ,   0.        ],
        [  0.        ,   0.        ,   0.        ,   0.        ,
           0.        ,   0.        ,   0.        ,   0.        ,
           0.        ,   0.        ],
        [  0.        ,   0.        ,   0.        ,   0.        ,
           0.        ,   0.        ,   0.        ,   0.        ,
           0.        ,   0.        ],
        [  0.        ,   0.        ,  30.        ,   0.        ,
           0.        ,   0.        ,   0.        ,   0.        ,
           0.        ,   0.        ],
        [  0.        ,   0.        ,   0.        ,   0.        ,
           0.        ,   0.        , 123.11591578,   0.        ,
          41.08230374,  98.50366075],
        [  0.        ,   0.        ,   0.        ,   0.        ,
           0.        ,   0.        ,   0.        ,   0.        ,
           0.        ,   0.        ],
        [  0.        ,   0.        ,   0.        ,   0.        ,
           0.        ,   0.        ,   0.        ,   0.        ,
           0.        ,   0.        ],
        [  0.        ,   0.        ,   0.        ,   0.        ,
          37.29811973,   0.        ,   0.        ,   0.        ,
           0.        ,   0.        ],
        [  0.        ,   0.        ,   0.        ,   0.        ,
           0.        ,   0.        ,   0.        ,   0.        ,
           0.        ,   0.        ]])
 array([[ 0.        ,  0.        , 39.31536711,  0.        ,  0.        ,
          0.        ,  0.        ,  0.        ,  0.        ,  0.        ],
        [ 0.        ,  0.        ,  0.        ,  0.        ,  0.        ,
          0.        ,  0.        ,  0.        ,  0.        ,  0.        ],
        [12.        ,  0.        ,  0.        ,  0.        ,  0.        ,
          0.        ,  0.        ,  0.        ,  0.        ,  0.        ],
        [ 0.        ,  0.        ,  0.        ,  0.        ,  0.        ,
          0.        ,  0.        ,  0.        ,  0.        ,  0.        ],
        [ 0.        ,  0.        ,  0.        ,  0.        ,  0.        ,
          0.        , 26.85033997,  0.        ,  0.        , 53.83429292],
        [ 0.        ,  0.        ,  0.        ,  0.        ,  0.        ,
          0.        ,  0.        ,  0.        ,  0.        ,  0.        ],
        [ 0.        ,  0.        ,  0.        ,  0.        ,  0.        ,
          0.        ,  0.        ,  0.        ,  0.        ,  0.        ],
        [ 0.        , 12.        ,  0.        ,  0.        ,  0.        ,
          0.        ,  0.        ,  0.        ,  0.        ,  0.        ],
        [ 0.        ,  0.        ,  0.        ,  0.        ,  0.        ,
          0.        ,  0.        ,  0.        ,  0.        ,  0.        ],
        [ 0.        ,  0.        ,  0.        ,  0.        ,  0.        ,
          0.        ,  0.        ,  0.        ,  0.        ,  0.        ]])
 array([[  0.        ,   0.        ,   0.        ,   0.        ,
           0.        ,   0.        ,   0.        ,   0.        ,
           0.        ,   0.        ],
        [  0.        ,   0.        ,   0.        ,   0.        ,
           0.        ,   0.        ,   0.        ,   0.        ,
          78.59837129,  87.02916515],
        [  0.        ,   0.        , 113.49450518,   0.        ,
           0.        ,   0.        ,   0.        ,   0.        ,
           0.        ,   0.        ],
        [  0.        ,   0.87795838,   0.        ,   0.        ,
           0.        ,   0.        ,   0.        ,   0.        ,
           0.        ,   0.        ],
        [  0.        ,   0.        ,   0.        ,   0.        ,
           0.        ,   0.        ,  28.        ,   0.        ,
           0.        ,   0.        ]])
 array([[  0.        ,   0.        ,   0.        ,  39.05004781,
           0.        ,   0.        ,   0.        ,   0.        ,
           0.        ,   0.        ],
        [  0.        ,   0.        ,   0.        ,   0.        ,
           0.        ,  69.46008413,   0.        ,   0.        ,
           0.        ,   0.        ],
        [  0.        ,  30.        ,   0.        ,   0.        ,
           0.        ,   0.        ,   0.        ,   0.        ,
           0.        ,   0.        ],
        [  0.        ,   0.        ,   0.        ,   0.        ,
           0.        ,   0.        ,  85.06718139,   0.        ,
           0.        ,  30.        ],
        [  0.        ,   0.        ,   0.        ,   0.        ,
           0.        ,   0.        , 106.42268667,   0.        ,
          30.        ,   0.        ]])
 array([[  0.        ,   0.        ,   0.        ,   0.        ,
           0.        ,   0.        ,  24.        ,   0.        ,
           0.        ,   0.        ],
        [  0.        ,  24.        ,   0.        ,   0.        ,
           0.        ,   0.        ,   0.        ,   0.        ,
           0.        ,   0.        ],
        [  0.        ,   0.        ,   0.        ,   0.        ,
           0.        ,   0.        ,   0.        ,   0.        ,
           0.        ,  39.56161888],
        [  0.        ,   0.        ,   0.        ,   0.        ,
           0.        ,  24.        ,   0.        ,   0.        ,
           0.        ,  86.87660854],
        [  0.        ,   0.        ,   0.        ,   0.        ,
          24.        ,   0.        ,   0.        ,   0.        ,
           0.        , 113.56177258]])
 array([[  0.        ,   0.        ,   0.        ,   0.        ,
           0.        ,   0.        ,   0.        ,   0.        ,
           0.        ,   0.        ],
        [  0.        ,   0.        ,   0.        ,   0.        ,
           0.        ,   0.        ,   0.        ,   0.        ,
           0.        ,   0.        ],
        [  0.        ,   0.        ,  34.        ,   0.        ,
           0.        ,   0.        ,   0.        ,   0.        ,
         151.13028823,   0.        ],
        [ 94.02805911,  86.82976825,   0.        ,   0.        ,
           0.        ,   0.        ,   0.        ,   0.        ,
           0.        ,   0.        ],
        [  0.        ,   0.        ,   0.        ,   0.        ,
           0.        ,   0.        ,   8.01188442,   0.        ,
           0.        ,   0.        ]])                          ]